344182973
342471799
342320341
338290105
320541966
319533869
300279897
282033448
262541809
344228468
343524763
340955895
220154811
342652726
332578096
339881692
330803070
220624826
343700025
342024744
339598400
329051436
343420945
342533537
341767494
340775982
311879018
344148717
342352351
336211687
344444391
220139072
215200236
329415067
344470576
342496677
342136721
285474653
288229832
344577216
343859779
342310065
344894013
344893408
343086017
345161877
345278767
345300167
345335018
345357273
345362281
345640862
345799038
345920480
345920369
345898551
346333747
346372068
346544427
346706501
346837339
324326124
302085437
347158879
347164569
347176458
347326989
347347683
347374907
347419647
347559527
347565509
346864214
347858506
304760638
348048088
348208207
348240952
348272292
336358899
348400807
348525779
348719242
348978314
349161387
349386940
349384052
330401758
219757296
349669812
349719818
265185151
349995455
250838150
350053937
350080703
350187551
350219271
350293205
350290569
350541642
350569712
350597294
350917042
351242990
351248427
351206898
351057421
347682653
347681669
348530392
348530061
347923147
346862785
351060612
351041440
347923352
347682646
347681661
346862333
346669062
343359421
112855936
